DATE:2026-05-17
1040201
1092041
1229491
1394961
1411911
1422450
1422451
1422452
1422456
1588551
1643321
1716741
1716742
1757302
1962511
1963611
2101541
2129531
2208571
2215431
2215432
2215434
2215438
225841
225842
2287331
228983
228984
228985
228986
228988
228989
228990
229001
229004
229005
229006
229007
229033
2401180
2401181
241100
2416451
2457221
2479291
2487151
250902
250905
250908
250911
264712
2682381
2721670
2747331
2835513
287631
287632
2909111
292001
2938241
2968422
2973391
2978541
3017862
3017863
3017864
3017865
3017866
3017867
3017868
3117821
3126630
3156771
3213851
3314791
3321461
3353471
3357651
3361650
3364881
3376481
3419521
3431571
3487771
3527291
3552141
3601801
362890
362891
362894
362895
3631292
3692661
3761971
3763700
3858931
3859920
3859930
3948121
4173830
4233541
424841
4274121
427413
4292051
4295211
4351720
4356081
585480
585481
585482
599141
601710
731000
857981
919051
962131
